1542453360
561852246
1202301014
2344563715
3095089653
71871809
539740404
60675207
1953723936
177818504
245473418
3818884633
354004333
4073918435
19586397
111406532
55029388
3119350008
1952516490
2279626392
152375635
1439376931
169666802
310960023
197823320
72118738
251502918
605828823
109971268
17520823
702633590668922880
32470536
730750905121964033
1072126590
836403501588746241
747503056925900801
212358078
18690329
68783332
15313495
283871018
101377928
71173827
23330998
143637093
166403365
172143832
26682014
93293716
191099605
151215048
300636161
37868827
279166521
17990821
74227479
269266951
